547
206
71
972
63
212
520
955
755
469
327
470
359
565
805
446
734
130
490
161
756
668
616
287
613
147
202
753
156
971
418
605
572
258
524
614
895
498
914
977
592
81
124
42
215
941
763
492
720
110
163
704
800
788
267
877
622
623
82
654
410
742
752
81
989
567
638
43
988
764
899
169
538
871
372
201
368
500
462
39
588
541
451
691
548
123
7
568
797
880
350
368
884
793
525
642
256
96
849
534
75
993
375
303
11
242
633
487
17
405
306
384
236
522
102
926
283
933
977
851
174
183
627
754
455
857
412
741
35
339
154
914
479
746
332
904
280
600
281
336
611
893
154
478
222
331
121
198
657
311
221
147
988
419
203
738
303
121
866
550
104
282
267
677
468
757
307
488
77
827
807
391
964
990
843
611
980
754
335
269
931
372
742
203
701
847
564
939
78
821
875
368
876
922
810
898
663
477
267
170
846
656
295
602
631
438
353
163
723
292
940
112
644
808
417
296
43
998
401
633
306
114
267
104
195
663
138
589
251
142
942
82
39
138
614
868
793
320
415
923
311
861
252
908
432
143
234
205
956
421
709
64
95
402
509
113
137
669
71
746
445
620
657
86
804
823
934
881
357
489
658
734
204
656
987
171
36
406
500
119
954
152
623
452
784
243
757
703
522
455
341
125
264
476
680
7
481
217
973
165
96
403
78
833
390
466
269
410
451
504
564
962
922
978
672
521
961
649
161
536
298
322
865
177
449
1
110
883
617
125
38
956
693
116
510
416
576
495
223
910
274
721
853
817
152
137
733
595
543
670
59
557
932
434
861
140
939
927
592
542
258
751
429
283
192
560
431
582
288
747
179
337
780
101
892
312
400
615
163
822
685
496
32
429
510
147
799
561
170
811
321
835
102
194
14
236
302
793
700
863
592
458
231
481
550
825
525
508
486
905
965
135
575
363
899
369
522
224
762
868
787
984
359
287
474
252
381
796
730
797
931
496
958
439
934
160
291
8
708
281
262
939
926
208
778
921
217
16
30
951
66
913
505
122
699
374
387
607
55
439
913
927
261
557
36
879
580
620
631
790
676
26
939
880
772
414
218
944
430
884
220
778
3
429
392
902
356
162
187
496
286
57
254
212
945
673
759
998
989
688
95
368
738
156
563
62
115
165
881
723
109
953
913
38
890
50
725
862
380
362
655
130
264
550
630
662
153
121
291
808
446
231
62
441
401
506
545
815
13
377
293
398
611
452
593
78
241
141
836
656
712
600
907
227
304
491
107
539
778
920
661
433
801
215
433
13
166
648
216
391
447
919
58
798
764
56
384
352
254
706
776
800
563
168
171
125
346
162
116
703
567
778
119
236
500
699
923
665
245
356
573
500
454
457
987
742
211
458
906
446
708
45
917
920
922
127
834
365
730
856
882
788
254
501
181
342
698
366
8
823
778
967
388
265
413
660
484
210
421
830
243
13
822
330
479
454
57
577
902
263
853
362
323
176
904
611
285
891
895
126
205
397
496
24
570
337
240
21
922
790
14
711
863
529
299
502
587
485
380
865
538
534
173
890
907
910
676
368
178
167
903
830
293
223
179
689
945
969
603
214
216
823
161
258
113
821
900
619
605
738
902
683
17
568
160
310
261
634
196
481
927
757
87
234
341
111
393
438
126
516
578
789
803
472
531
42
727
263
222
534
55
63
867
805
600
855
49
576
405
257
181
377
962
106
233
22
96
771
236
4
964
680
738
500
462
606
784
267
83
785
414
724
8
914
273
872
332
608
780
190
136
502
498
413
893
634
51
773
106
270
25
62
329
527
917
105
725
659
203
410
947
856
967
143
153
239
210
370
591
591
693
370
273
429
112
936
150
249
296
885
688
725
411
233
120
422
473
670
117
85
49
643
961
687
165
133
408
248
987
647
742
247
512
610
60
787
955
399
391
131
468
193
677
290
119
993
68
513
921
529
289
303
934
145
450
460
716
992
801
443
591
522
773
765
330
296
950
499
663
158
13
907
603
845
494
211
433
25
611
588
657
452
566
830
381
961
850
849
224
237
119
139
579
136
680
70
637
138
610
113
311
600
156
454
169
285
358
580
524
245
7
843
765
877
679
908
947
574
741
91
549
137
958
381
787
900
251
635
951
939
429
201
71
625
856
328
59
725
449
911
645
506
421
609
906
999
96
79
875
437
639
110
360
95
290
59
282
635
834
419
835
822
706
608
37
327
165
877
499
673
108
618
416
788
362
347
642
749
710
379
18
274
372
70
980
778
265
827
549
345
264
832
869
881
710
817
387
19
542
96
543
173
514
704
664
14
728
301
739
517
412
346
292
576
639
174
316
872
820
401
40
345
723
776
961
199
700
352
485
67
737
647
586
934
392
61
954
893
756
418
120
690
679
962
453
931
566
763
30
683
409
879
70
919
749
661
68
947
760
593
785
115
881
724
464
814
153
582
554
900
682
824
277
240
986
926
480
544
195
713
654
25
419
939
140
440
892
435
88
43
431
497
785
646
17
36
525
906
346
870
259
288
61
721
286
835
289
978
26
530
164
612
542
653
351
688
486
551
514
416
579
634
316
859
265
529
198
986
982
86
725
473
842
308
291
90
903
878
41
971
542
758
315
887
611
627
992
562
167
577
772
62
400
500
788
891
167
367
13
372
181
46
689
124
59
445
487
462
933
951
270
52
657
576
717
584
778
118
810
774
572
938
270
506
11
877
314
102
445
541
792
820
976
335
735
274
337
46
380
899
490
417
730
881
31
971
695
977
774
364
642
151
216
197
180
80
464
9
586
319
687
54
436
207
490
155
70
215
729
908
0
283
4
968
531
143
716
860
315
782
315
840
724
881
17
359
634
244
396
548
809
74
75
423
621
0
95
63
159
439
966
778
645
579
182
448
293
793
459
382
766
317
53
46
706
241
153
147
172
865
657
258
658
299
731
76
975
989
435
960
208
711
414
293
72
999
532
429
259
307
865
510
555
432
8
866
794
986
292
350
37
197
301
455
938
399
307
328
46
752
306
496
460
658
11
241
85
187
498
787
705
201
849
607
64
573
824
424
808
24
815
515
363
906
851
343
556
209
256
391
365
590
937
669
952
260
649
257
393
314
149
198
892
720
952
821
32
550
818
220
183
103
510
398
849
100
39
958
308
685
38
142
530
307
715
177
391
561
117
849
646
433
183
578
71
331
426
910
638
679
553
874
899
780
101
429
146
465
365
136
167
904
721
273
672
859
187
26
6
926
603
206
80
148
86
148
742
798
570
652
352
454
841
982
233
585
655
794
515
35
417
497
840
717
756
259
74
745
583
834
944
814
527
332
709
951
597
494
390
413
749
699
944
757
286
692
492
461
177
305
705
623
184
917
836
256
260
360
701
674
122
39
513
973
876
854
576
413
384
981
747
45
231
960
980
729
68
392
929
105
22
495
750
161
716
89
630
93
5
845
926
914
737
859
862
816
687
328
268
396
35
253
775
401
411
878
190
470
511
654
635
299
907
231
239
117
731
383
210
9
378
318
351
621
286
508
202
82
859
104
31
870
250
98
720
110
694
730
787
392
948
514
558
662
980
750
552
830
912
564
965
247
352
550
189
207
999
405
473
799
117
87
595
0
242
113
394
718
516
927
535
762
477
784
559
510
541
448
565
146
559
341
242
195
306
10
492
923
422
337
200
252
769
315
262
837
798
540
120
399
672
338
478
137
504
164
585
208
177
496
977
387
884
708
14
202
733
541
176
950
825
334
787
411
202
536
586
683
257
96
862
684
495
671
780
449
520
387
833
23
549
682
162
446
652
894
100
55
573
332
956
588
811
183
5
82
182
834
780
708
633
82
825
258
925
1
796
630
129
399
138
423
828
851
523
102
761
560
312
414
302
386
374
9
921
144
330
397
822
619
312
837
105
364
364
259
597
885
684
76
264
341
536
820
899
327
543
569
585
20
343
35
131
212
433
168
93
532
62
374
833
370
218
946
662
356
836
517
196
614
646
222
583
914
464
515
454
641
179
209
303
80
333
467
480
622
624
54
580
737
886
891
673
729
78
966
114
620
868
884
750
944
72
385
68
16
885
735
312
893
940
779
415
814
124
185
747
915
328
431
371
642
678
767
683
652
128
70
203
66
528
794
838
25
660
825
553
412
892
820
230
65
532
954
773
36
850
681
398
343
726
287
949
819
105
391
74
568
555
591
428
656
365
693
521
498
87
242
460
35
584
263
116
254
680
564
549
708
723
272
718
679
252
594
270
384
363
573
595
40
933
131
376
580
414
864
459
457
902
751
240
479
349
779
365
43
748
867
148
620
226
280
822
174
327
827
482
901
705
759
114
521
368
766
966
880
24
592
639
754
771
38
650
902
328
644
678
793
108
596
164
430
627
407
731
681
643
871
861
302
214
241
818
295
554
622
639
730
278
432
186
497
555
409
980
474
612
62
515
415
500
227
403
736
651
825
305
812
4
370
28
223
670
781
928
229
941
757
536
37
196
292
943
864
434
788
596
465
222
94
623
951
839
124
716
805
653
992
995
554
22
184
138
44
550
953
192
720
942
616
694
876
167
88
732
390
451
613
4
525
649
967
391
461
19
858
363
384
309
314
998
872
845
52
762
473
225
288
429
427
721
787
435
669
690
856
730
741
820
254
530
604
161
653
903
958
803
458
956
183
328
162
38
577
908
124
226
890
4
30
212
458
418
673
501
179
650
849
832
265
344
812
353
953
987
773
298
221
10
776
404
13
746
389
382
426
777
874
797
587
554
240
1
867
797
184
439
850
362
566
472
967
250
323
965
167
834
409
485
263
317
488
789
14
709
854
659
726
190
298
928
657
983
593
951
703
86
738
365
134
334
940
487
203
792
335
995
84
883
16
564
136
769
862
773
486
552
201
793
746
497
146
997
350
896
733
51
517
241
308
116
578
211
693
40
440
252
604
389
243
817
115
250
979
960
749
759
208
884
834
795
169
164
124
513
807
401
545
1
222
401
521
174
428
189
559
929
922
723
269
969
856
569
560
660
708
863
570
583
962
855
902
678
888
564
390
705
720
204
88
292
657
12
871
49
983
94
430
603
454
993
927
41
158
806
826
798
296
578
649
673
183
853
536
110
10
133
178
32
422
199
766
273
152
300
984
903
655
348
436
981
88
146
942
35
155
892
805
699
155
949
837
490
635
536
284
710
556
803
900
682
147
598
199
763
959
662
929
622
544
347
895
617
171
626
117
491
394
184
805
576
296
164
420
972
50
966
614
275
257
570
330
635
780
852
456
359
883
703
838
738
174
910
474
556
468
773
738
883
543
93
231
432
596
810
672
917
136
299
443
105
750
982
526
64
422
661
692
529
55
529
195
773
821
969
649
953
174
951
79
232
294
783
230
865
242
805
222
176
721
986
606
387
279
595
869
707
675
230
207
213
384
113
795
692
817
505
73
837
710
667
937
711
771
211
670
629
935
295
66
617
449
247
243
262
623
276
59
826
281
666
149
990
442
851
147
300
150
481
357
68
111
583
628
739
154
925
676
616
622
734
568
428
149
935
15
478
410
959
404
72
58
461
987
681
320
539
655
967
577
29
65
249
438
46
411
911
975
447
899
783
820
52
931
957
439
134
157
670
837
238
187
809
324
284
92
697
222
493
411
739
196
578
882
193
838
387
460
233
814
999
999
78
452
694
600
65
788
38
793
699
180
942
621
537
65
331
572
364
490
436
434
339
372
284
42
224
388
635
289
125
427
41
565
433
51
121
779
714
344
573
903
904
306
324
414
412
791
805
328
731
245
942
802
92
525
757
831
793
771
578
511
677
922
744
535
755
364
575
288
446
255
751
492
714
740
274
554
630
361
662
355
621
829
285
813
392
323
283
581
585
736
412
585
798
255
400
307
41
660
493
426
832
430
654
411
765
725
685
429
852
602
610
161
212
558
95
232
388
987
202
718
876
911
629
285
549
998
942
565
206
567
246
934
884
543
169
736
653
970
201
922
433
280
190
655
197
915
766
494
85
343
21
40
845
467
137
877
661
908
917
271
23
904
696
256
446
599
385
744
861
78
282
902
865
422
166
567
739
425
839
469
134
404
584
791
273
720
788
614
10
819
818
391
776
811
374
548
3
979
644
493
138
30
123
573
912
591
532
759
515
899
270
887
755
231
248
261
412
411
562
164
864
400
160
288
332
813
771
750
61
629
126
70
103
461
850
683
546
817
783
171
969
366
15
625
344
130
776
608
129
624
271
290
379
415
323
575
272
938
21
177
250
915
906
316
897
640
250
891
747
167
712
597
129
486
678
175
913
35
821
539
765
850
734
422
632
365
328
270
432
309
918
514
749
199
508
173
468
298
726
474
992
389
669
3
102
237
63
92
571
268
418
50
300
413
549
410
601
228
2
836
280
203
692
45
378
678
849
788
379
808
164
172
899
679
474
712
428
338
270
934
720
787
955
146
785
375
142
587
820
769
806
922
171
927
817
46
909
709
100
301
132
398
46
853
90
921
521
601
465
95
271
447
62
106
565
69
425
217
366
828
548
577
751
461
493
110
818
768
370
31
297
700
944
287
729
561
736
279
577
408
271
584
269
676
608
575
339
242
752
18
137
283
797
438
145
602
284
163
987
937
886
135
389
686
646
695
801
307
505
277
859
939
531
210
542
672
610
756
26
874
801
675
555
626
179
750
561
92
674
507
864
75
563
531
508
270
784
475
706
784
538
583
229
198
272
345
764
233
280
511
621
699
849
587
256
278
475
539
498
512
979
969
989
403
199
909
384
88
491
671
456
652
237
265
387
59
731
352